0.020564,0.072655,0.005482,0.015395,0.023914,0.021870,-0.000801,0.001244
0.072655,0.281382,-0.002870,0.050514,0.092391,0.146241,-0.003228,0.004401
0.005482,-0.002870,0.027639,0.042025,-0.002169,-0.073867,0.000424,0.000602
0.015395,0.050514,0.042025,1.145387,0.009070,-0.207349,-0.006873,0.010309
0.023914,0.092391,-0.002169,0.009070,0.030776,0.051542,-0.001102,0.001413
0.021870,0.146241,-0.073867,-0.207349,0.051542,0.723397,-0.004039,-0.003853
-0.000801,-0.003228,0.000424,-0.006873,-0.001102,-0.004039,0.000212,-0.000079
0.001244,0.004401,0.000602,0.010309,0.001413,-0.003853,-0.000079,0.000198
