import numpy as np

meandata = np.array([[8.01746046e-02,3.00708410e-01,8.16660279e-01,1.99086805e+01,4.41220593e-02,7.01416097e-01,5.71977931e-02,2.85632318e-01],[-7.73829112e-03,-1.71840594e-01,8.49685322e-01,1.71715227e+01,-7.24899194e-02,1.37693044e-01,8.95321076e-02,2.63941092e-01],[6.24389249e-02,1.94418640e-01,7.75073239e-01,1.63793231e+01,1.93819450e-02,4.37506108e+00,6.13065268e-02,2.29311171e-01],[1.15083574e-01,4.66030211e-01,7.22775660e-01,1.61219468e+01,9.70879945e-02,2.06083972e-01,7.30358073e-02,2.65186706e-01]])

covdata = np.array([[2.05640911e-02,7.26547698e-02,5.48154889e-03,1.53952722e-02,2.39138112e-02,2.18698328e-02,-8.00996028e-04,1.24356717e-03],[7.26547698e-02,2.81382073e-01,-2.87047448e-03,5.05137829e-02,9.23909065e-02,1.46241415e-01,-3.22774928e-03,4.40125852e-03],[5.48154889e-03,-2.87047448e-03,2.76394511e-02,4.20247687e-02,-2.16927342e-03,-7.38667406e-02,4.23787535e-04,6.01503682e-04],[1.53952722e-02,5.05137829e-02,4.20247687e-02,1.14538695e+00,9.06958237e-03,-2.07349343e-01,-6.87252587e-03,1.03093522e-02],[2.39138112e-02,9.23909065e-02,-2.16927342e-03,9.06958237e-03,3.07763058e-02,5.15416383e-02,-1.10233485e-03,1.41297872e-03],[2.18698328e-02,1.46241415e-01,-7.38667406e-02,-2.07349343e-01,5.15416383e-02,7.23396837e-01,-4.03921858e-03,-3.85265030e-03],[-8.00996028e-04,-3.22774928e-03,4.23787535e-04,-6.87252587e-03,-1.10233485e-03,-4.03921858e-03,2.11685494e-04,-7.92748699e-05],[1.24356717e-03,4.40125852e-03,6.01503682e-04,1.03093522e-02,1.41297872e-03,-3.85265030e-03,-7.92748699e-05,1.98021392e-04]])

np.savetxt("meandata.csv", meandata, fmt='%f', delimiter=",")
np.savetxt("covdata.csv", covdata, fmt='%f', delimiter=",")

